0.923409 0.559951 0.691721 0.315273 0.960227 1.528715 0.817621 1.141666 1.557561 0.243324 0.906638 1.089996 0.064252 1.458538 1.448422 1.253759 1.137194 0.689053 1.646460 0.375788 
0.451563 1.500629 1.046043 0.693642 0.442679 0.761689 0.373960 0.827875 0.430071 0.164443 1.783689 1.250324 0.231913 1.749798 1.943703 0.485060 1.030090 0.664450 0.627985 0.679737 
1.295058 1.419982 1.293110 1.107229 0.534269 0.601675 1.689875 0.238841 1.791376 0.800161 1.114225 0.130345 0.270911 1.220447 1.152887 0.969561 1.341610 1.116963 0.637400 1.357902 
1.495866 1.489628 0.811575 1.107529 0.717107 0.338031 1.192910 0.975646 1.263170 1.362717 1.096277 0.864003 0.721821 1.072607 1.205159 0.530890 0.390085 1.886766 0.748986 0.804612 
0.901984 1.297424 0.611018 1.558715 0.469163 1.290246 1.253709 1.003327 1.135215 1.334750 1.506443 1.041399 1.886157 1.098188 0.922460 1.101235 1.045443 0.919338 0.671729 0.530649 
1.399485 0.706333 0.975144 1.628724 0.785594 1.450734 0.829114 1.188565 1.420299 1.350414 1.189553 1.167203 0.850309 1.891458 0.564594 0.662931 1.243002 1.617274 1.078924 1.328506 
0.209472 1.156555 1.271373 0.753857 0.631872 1.034430 1.555920 1.056422 1.288174 0.928267 1.369987 0.816848 0.960461 1.831135 0.680119 0.903903 0.938881 0.928176 0.405577 0.901925 
0.786303 0.858875 0.137989 1.748452 0.863177 1.278931 1.267916 0.846152 0.529900 1.267762 0.836928 1.099609 1.232123 0.986063 0.709818 0.675148 0.824344 0.838344 1.449320 0.388495 
1.263514 0.545660 0.763206 1.759808 1.069099 0.503125 1.199236 0.681837 1.630520 0.069057 0.555887 0.836458 0.278228 1.342564 1.261597 1.040044 1.398486 1.056541 0.977516 1.454798 
0.843920 0.952643 1.560658 1.474514 1.302379 1.531515 0.287777 0.238498 1.042774 0.293553 0.312120 0.829483 1.919301 1.872298 1.702373 0.943432 0.285020 1.589448 0.530555 1.036855 
0.607533 0.691201 0.936343 1.461315 0.510761 0.283489 1.088465 1.533487 0.998995 0.904583 0.732882 1.247662 0.744090 0.863579 0.901072 1.107580 0.468805 1.403915 0.728481 1.384265 
0.620098 1.062123 0.780725 0.716328 1.001395 1.481090 0.468926 0.752178 1.565862 1.487662 1.516191 0.975540 1.394024 1.390144 1.244685 0.361747 1.442163 1.573346 1.019479 1.002609 
0.910585 0.755151 1.212449 0.592527 1.123087 0.245245 0.675431 0.624275 0.600240 1.191960 0.788827 0.709708 0.977576 0.453877 1.572729 1.017929 0.940184 1.862825 0.280410 0.930945 
1.535541 1.042776 1.396974 1.280428 1.681468 0.842139 1.026095 0.701285 1.834901 1.000726 1.611648 0.890943 0.791736 1.704466 0.209121 1.475643 0.811600 0.955634 1.185469 1.205788 
0.708449 1.337234 0.599773 0.738215 1.193681 1.842303 1.757595 1.357162 1.487015 0.621477 0.697038 0.440797 0.615539 1.717212 1.632493 0.667946 0.970926 1.075487 1.043698 1.005373 
0.552641 1.042708 0.580923 0.859567 0.461497 0.764074 0.578163 0.667172 1.601303 0.994711 1.307384 1.574739 1.667837 0.849009 1.463927 0.948915 0.702060 0.326804 0.391493 0.350922 
0.667414 1.011525 0.319868 1.439279 1.063082 1.154968 1.096647 0.648775 1.379933 1.476020 1.352168 1.860427 0.416557 1.337210 1.373603 1.661041 0.803128 1.286594 1.351263 1.044167 
1.159863 0.784810 0.928842 1.020994 0.931370 1.152634 0.921948 1.337765 1.200293 0.146556 1.363108 1.614913 1.480162 1.289232 0.627379 0.245769 1.532535 1.043752 1.464164 0.770151 
1.561760 0.679073 0.935847 0.822213 0.691813 1.710036 0.776365 1.221157 1.226454 1.087952 0.843789 0.641076 1.364300 0.837700 0.749575 0.224000 0.530637 0.795043 0.919910 1.602623 
1.586026 0.666644 0.637608 0.618918 1.398191 0.717896 1.040591 0.618304 1.043800 0.233356 1.063855 1.104711 1.360428 1.060975 0.517011 0.892061 0.976258 0.465427 1.446508 0.477928 
